# Filename : gamma_spectrum.Chn
# Version: -1
# MCA detector ID: 1
# Start time : 11:00:05
# Start date : 26Oct111
# No channels : 1024
# Live time : 4919
# Real time : 5020
# En cal factors A + B*x + C*x*x
# A : 0.0
# B : 1.0
# C : 0.00
0
0
0
0
0
0
0
0
0
0
0
0
0
0
0
0
0
0
0
0
0
0
0
0
0
0
0
0
0
0
0
0
0
0
0
4085
8689
8794
8694
8571
8427
8209
8231
7819
7611
7531
7217
6721
6352
6151
5807
5489
5099
4714
4549
4166
3853
3636
3424
3061
2980
2659
2518
2298
2124
1962
1827
1786
1658
1589
1489
1446
1400
1311
1344
1238
1193
1264
1084
1167
1097
1089
1030
1095
1056
1025
1025
1059
1022
997
970
1038
998
1024
1010
1032
1026
1007
1051
1015
967
982
993
1057
963
977
1051
1031
1010
994
978
1033
1031
1020
1060
1053
1018
1045
1131
1026
1067
1164
1019
1075
1063
1116
1146
1075
1107
1115
1075
1132
1140
1091
1077
1119
1097
1079
1047
1077
1061
1000
1032
1029
1040
994
987
975
933
1005
968
944
961
900
894
847
808
845
803
779
758
737
703
777
693
685
698
682
632
600
529
572
512
497
530
505
503
467
448
466
382
370
355
335
309
328
292
284
279
247
254
232
221
208
203
178
174
169
140
149
139
124
124
114
99
105
93
94
85
90
69
80
59
56
66
60
46
46
51
41
47
35
39
33
31
42
29
32
22
30
33
27
20
20
25
17
22
19
21
15
20
16
11
17
18
9
15
4
13
12
7
9
11
10
8
10
9
8
13
9
7
10
9
11
3
5
5
9
1
7
5
5
5
10
3
6
3
8
4
2
4
1
7
7
5
5
9
3
4
5
3
3
4
3
2
4
2
2
2
2
1
2
0
1
2
2
4
2
1
3
2
3
2
3
2
0
0
0
0
3
1
0
1
3
2
1
2
1
1
0
0
1
0
1
1
0
2
0
3
1
0
1
0
1
0
1
1
0
0
0
0
0
0
0
0
0
0
0
1
1
1
1
0
1
0
2
1
1
0
0
0
0
0
1
0
0
0
0
1
0
1
0
0
0
0
1
0
0
0
0
0
1
0
0
0
0
0
0
0
0
0
0
0
0
0
0
0
0
0
0
0
0
0
0
0
0
0
0
0
0
0
0
0
0
0
0
0
0
0
0
0
0
0
1
0
0
0
0
0
0
0
0
0
0
0
0
0
0
0
0
0
0
0
0
0
0
0
0
0
0
0
0
0
0
0
0
0
0
0
0
0
0
0
0
0
0
0
0
0
0
0
0
0
0
0
0
0
0
0
0
0
0
0
0
0
0
0
0
0
0
0
0
0
0
0
0
0
0
0
0
0
0
0
0
0
0
0
0
0
0
0
0
1
0
0
0
0
0
0
0
0
0
0
0
1
0
0
0
0
0
0
0
0
0
0
0
0
0
0
0
0
0
0
0
0
0
0
0
0
0
0
0
0
0
0
0
1
0
0
0
0
0
0
0
0
0
0
0
0
0
0
0
0
0
0
0
0
0
0
0
1
0
0
0
0
0
0
0
0
0
0
0
0
0
0
0
0
0
0
0
0
0
0
0
0
0
0
0
0
0
0
0
0
0
0
0
0
0
0
0
0
0
0
0
0
0
0
1
0
0
0
0
0
0
0
0
0
0
0
0
0
0
0
0
0
0
0
0
0
0
0
0
0
0
0
0
0
0
0
0
0
1
1
0
0
0
0
0
0
0
0
0
0
0
1
0
0
0
1
0
0
0
0
0
0
0
0
0
0
0
0
0
0
0
0
0
0
0
1
0
0
0
0
0
0
1
0
0
1
0
0
0
0
0
0
0
0
0
0
0
0
0
0
0
0
0
0
0
0
0
0
0
0
0
0
0
0
0
0
0
0
0
0
0
0
0
0
0
0
0
0
0
0
0
0
0
0
1
0
0
0
0
0
0
0
0
0
0
0
0
0
0
0
0
0
0
0
0
0
0
0
0
0
0
0
0
0
1
0
0
0
0
0
0
0
1
0
0
0
0
0
0
0
0
1
0
0
0
1
0
0
0
0
0
0
0
0
0
0
0
0
0
0
0
0
0
0
0
0
0
0
0
0
0
0
0
0
0
0
0
0
0
0
0
0
0
0
0
0
0
0
0
0
0
0
0
0
0
0
0
0
0
1
0
0
0
0
0
0
0
0
0
0
0
0
0
0
0
0
0
0
0
0
0
0
0
0
0
0
0
0
0
0
0
0
0
0
0
0
0
0
0
0
0
0
0
0
0
0
0
0
0
0
0
0
0
0
0
0
0
0
0
0
0
0
0
0
0
0
0
0
0
0
0
0
0
0
0
0
0
0
0
0
0
0
0
0
0
0
0
0
0
0
0
0
0
0
0
0
0
0
0
0
1
0
0
0
0
0
0
0
0
0
0
0
0
0
0
0
0
0
0
0
0
0
0
0
0
0
0
0
0
0
0
0
0
0
0
0
0
0
0
0
0
0
0
0
0
0
0
0
0
0
